ver mode n | idle5s | cpu up/down/burst | settle up/burst | hookruns | inv set pane | lat med/p95/max | top/cp(up)
v287 after-inv 1 | 0.3 | 2.74 1.89 1.48 | 0.06 0.12 | 3640 | 204 0 144 | 7 97 361 | [(264, None, 211, None)] errs 0
v287 after-state 3 | 0.26 | 2.42 1.49 1.25 | 0.0 0.06 | 1596 | 0 166 105 | 6.0 51 121 | [(258, None, 217, None), (264, None, 221, None), (262, None, 216, None)] errs 0
v287 loop 3 | 2.4 | 11.93 11.18 10.76 | None None | 28956 | 28936 0 1870 | 13.0 42 103 | [(267, None, 207, None), (254, None, 208, None), (266, None, 209, None)] errs 0
v287 micro 1 | 0.27 | 2.51 1.32 1.37 | 0.06 0.12 | 2957 | 159 0 108 | 6.5 107 283 | [(276, None, 211, None)] errs 0
v287 micro-state 3 | 0.27 | 2.39 1.52 1.4 | 0.0 0.06 | 1812 | 0 195 109 | 6.0 50 155 | [(261, None, 211, None), (262, None, 217, None), (264, None, 210, None)] errs 9
v287 off 3 | 0.25 | 1.3 0.87 0.92 | 0.0 0.06 | 1739 | 0 0 2 | 54 105 105 | [(256, None, 215, None), (264, None, 223, None), (264, None, 215, None)] errs 0
v287 poll-inv 1 | 0.33 | 2.79 1.94 1.59 | 0.12 0.12 | 3701 | 84 0 132 | 14.0 49 187 | [(259, None, 206, None)] errs 0
v287 poll-state 3 | 0.36 | 2.08 1.56 1.22 | 0.0 0.06 | 1639 | 0 84 86 | 23.0 60 196 | [(265, None, 214, None), (263, None, 210, None), (257, None, 215, None)] errs 0
v287 sync 3 | 0.34 | 2.7 1.73 1.46 | 0.05 0.11 | 3512 | 166 0 135 | 6 26 76 | [(263, None, 210, None), (266, None, 210, None), (273, None, 209, None)] errs 0
v287b after-state 1 | 0.25 | 2.56 1.4 1.29 | 0.06 0.12 | 1673 | 0 182 114 | 6.5 56 1002 | [(260, 259, 217, 216)] errs 0
v287b poll-state 1 | 0.32 | 1.93 1.06 1.43 | 0.0 0.12 | 1531 | 0 70 72 | 22 87 264 | [(276, 276, 205, 204)] errs 0
v287b sync 1 | 0.34 | 2.49 1.62 1.37 | 0.0 0.12 | 3083 | 159 0 117 | 6 41 99 | [(270, 270, 213, 212)] errs 0
v295 after-state 3 | 0.25 | 2.26 1.41 1.39 | 0.0 0.06 | 1584 | 0 171 98 | 7.0 58 143 | [(267, 267, 214, 214), (266, 265, 214, 214), (268, 268, 210, 210)] errs 0
v295 loop 3 | 2.4 | 11.8 11.11 10.84 | None None | 28881 | 28861 0 1865 | 13.5 81 192 | [(276, 276, 217, 217), (267, 267, 204, 204), (262, 261, 218, 218)] errs 0
v295 micro-state 3 | 0.28 | 2.43 1.54 1.44 | 0.0 0.06 | 1755 | 0 181 107 | 6.0 47 93 | [(265, 265, 219, 219), (253, 253, 224, 223), (264, 264, 209, 209)] errs 9
v295 off 3 | 0.3 | 1.39 0.88 1.05 | 0.0 0.06 | 1755 | 0 0 2 | 50 112 112 | [(265, 296, 211, 296), (253, 296, 202, 296), (258, 296, 208, 296)] errs 0
v295 poll-state 3 | 0.39 | 2.35 1.56 1.2 | 0.0 0.06 | 1697 | 0 93 95 | 22.0 88 209 | [(258, 258, 224, 224), (257, 257, 214, 214), (263, 262, 210, 210)] errs 0
v295 sync 3 | 0.26 | 2.85 1.94 1.4 | 0.0 0.11 | 3458 | 172 0 127 | 6.5 35 181 | [(270, 270, 210, 210), (266, 266, 209, 208), (256, 255, 208, 207)] errs 0
